10000 3083.67 3309.74
20000 6752.67 6789.84
30000 10308.7 10441.8
40000 14028.3 14205.3
50000 17931 18051.8
60000 21776.7 21964.5
70000 25888.3 25932.1
80000 29824.7 29946.8
90000 33810.7 34002.7
100000 38334.3 38095.1
110000 42245.3 42220.5
120000 46327.7 46375.7
130000 50491.3 50558.3
140000 54651.7 54766.3
150000 59039 58997.7
160000 63138.3 63251
170000 67181.7 67524.8
180000 72371.7 71818
190000 76146.7 76129.4
200000 80590.7 80458.1
210000 84703.3 84803.3
220000 89393.7 89164.1
230000 94155.3 93539.8
240000 97588.3 97929.8
250000 102776 102334
260000 106620 106750
270000 111776 111180
280000 115329 115622
290000 119491 120075
300000 124109 124540
310000 129464 129015
320000 133665 133501
330000 137777 137998
340000 145146 142504
350000 147070 147021
360000 151309 151546
370000 155700 156081
380000 160892 160624
390000 165240 165176
400000 169485 169737
410000 174418 174306
420000 179560 178883
430000 183221 183467
440000 187590 188059
450000 191955 192659
460000 196751 197266
470000 201243 201880
480000 206045 206501
490000 211593 211129
500000 215907 215764
